#
##Levenberg-Marquardt returned in 131 iter;  reason: small param change
## number of function evaluations: 210
## number of Jakobian evaluations: 13
#
## Max Log-Likelihood: 428.555
## initial Log-Likelihood:: 601.652
#
##Best fit parameters:
#lnLmax=-428.554919
#beta0=	1.17794; sig0=0.34344
#beta1=	2.28040; sig1=0.36586
#beta2=	1.56634; sig2=0.33746
#beta3=	-0.20034; sig3=0.02742
#beta4=	-2.49928; sig4=0.61021
#beta5=	-2.22591; sig5=0.54908
#
##Parameter corr Matrix:
#
#r00=1.000;	r01=0.796;	r02=0.874;	r03=0.098;	r04=0.012;	r05=0.099;	
#r10=0.796;	r11=1.000;	r12=0.857;	r13=-0.200;	r14=0.120;	r15=-0.118;	
#r20=0.874;	r21=0.857;	r22=1.000;	r23=0.061;	r24=0.049;	r25=-0.033;	
#r30=0.098;	r31=-0.200;	r32=0.061;	r33=1.000;	r34=-0.088;	r35=0.140;	
#r40=0.012;	r41=0.120;	r42=0.049;	r43=-0.088;	r44=1.000;	r45=-0.056;	
#r50=0.099;	r51=-0.118;	r52=-0.033;	r53=0.140;	r54=-0.056;	r55=1.000;	
#
#n	y1data	y2data	y3data	y4data	haty1	haty2	haty3	haty4	ysum
1.000	1.000	6.000	21.000	6.000	1.807	5.868	17.672	8.653	34.000
2.000	4.000	9.000	7.000	15.000	3.380	10.976	4.459	16.186	35.000
3.000	6.000	11.000	1.000	19.000	4.015	13.040	0.714	19.230	37.000
4.000	4.000	12.000	2.000	18.000	3.658	11.882	2.939	17.521	36.000
5.000	5.000	13.000	0.000	18.000	3.955	12.844	0.261	18.940	36.000
6.000	0.000	3.000	32.000	1.000	0.281	0.913	33.460	1.346	36.000
7.000	0.000	5.000	10.000	19.000	1.256	4.079	12.285	16.379	34.000
8.000	0.000	3.000	9.000	24.000	0.727	2.360	7.108	25.805	36.000
9.000	2.000	1.000	22.000	12.000	2.311	1.013	22.607	11.069	37.000
10.000	0.000	4.000	22.000	11.000	0.278	6.694	20.158	9.870	37.000
11.000	0.000	27.000	6.000	6.000	0.984	23.685	9.621	4.711	39.000
12.000	7.000	20.000	6.000	4.000	6.306	20.481	6.855	3.357	37.000
